Type	Colony	ID	B131_1	B131_2	BL03_1	BL03_2	BT26_1	BT26_2	BTMS0132_1	BTMS0132_2	BTMS0125_1	BTMS0125_2	B11_1	B11_2	B10_1	B10_2	BTMS0057_1	BTMS0057_2	BT05_1	BT05_2	BTMS0056_1	BTMS0056_2	B121_1	B121_2	BTERN02_1	BTERN02_2	BTMS0083_1	BTMS0083_2	BL08_1	BL08_2	Het_loci
FC	48	48MP1	118	118	144	144	103	103	134	134	110	110	158	158	191	191	109	109	162	162	256	256	168	168	165	165	306	306	145	145	0
FC	48	48MP2	120	120	144	144	103	103	134	134	125	125	158	158	193	193	109	109	156	156	256	256	153	153	165	165	277	277	145	145	0
FC	48	48MP3	120	120	144	144	103	103	134	134	110	110	158	158	191	191	109	109	162	162	256	256	153	153	165	165	277	277	145	145	0
FC	48	48MP4	118	118	144	144	103	103	134	134	125	125	158	158	193	193	113	113	156	156	256	256	153	153	165	165	306	306	145	145	0
FC	48	48MP5	118	118	144	144	103	103	134	134	110	110	158	158	191	191	109	109	162	162	256	256	168	168	165	165	306	306	145	145	0
FC	48	48MP6	118	118	144	144	103	103	134	134	110	110	164	164	191	191	109	109	156	156	256	256	153	153	165	165	306	306	145	145	0
FC	48	48MP7	120	120	144	144	103	103	134	134	110	110	158	158	193	193	113	113	156	156	256	256	153	153	165	165	277	277	145	145	0
FC	48	48MP8	120	120	144	144	103	103	134	134	110	110	158	158	193	193	109	109	156	156	256	256	153	153	165	165	306	306	145	145	0
FC	48	48MP9	120	120	144	144	103	103	134	134	110	110	164	164	191	191	113	113	162	162	256	256	168	168	165	165	306	306	145	145	0
FC	48	48MP10	118	118	144	144	103	103	134	134	125	125	158	158	193	193	113	113	156	156	256	256	153	153	165	165	306	306	145	145	0
FC	48	48MP11	120	120	144	144	103	103	134	134	125	125	158	158	191	191	113	113	162	162	256	256	153	153	165	165	306	306	145	145	0
FC	48	48MP12	120	120	144	144	103	103	134	134	125	125	158	158	193	193	113	113	156	156	256	256	168	168	165	165	277	277	145	145	0
FC	48	48MP13	118	118	144	144	103	103	134	134	110	110	158	158	193	193	113	113	156	156	256	256	153	153	165	165	306	306	145	145	0
FC	48	48MP14	118	118	144	144	103	103	134	134	110	110	164	164	191	191	113	113	162	162	256	256	153	153	165	165	277	277	145	145	0
FC	48	48MP15	120	120	144	144	103	103	134	134	125	125	158	158	191	191	113	113	162	162	256	256	168	168	165	165	306	306	145	145	0
FC	48	48MP16	118	118	144	144	103	103	134	134	110	110	164	164	193	193	109	109	156	156	256	256	153	153	165	165	277	277	145	145	0
FC	48	48MP17	118	118	144	144	103	103	134	134	110	110	164	164	191	191	113	113	162	162	256	256	153	153	165	165	306	306	145	145	0
FC	48	48MP18	118	118	144	144	103	103	134	134	110	110	164	164	191	191	113	113	162	162	256	256	168	168	165	165	306	306	145	145	0
FC	48	48MP19	120	120	144	144	103	103	134	134	110	110	164	164	191	191	109	109	162	162	256	256	153	153	165	165	306	306	145	145	0
FC	48	48MP20	118	118	144	144	103	103	134	134	110	110	158	158	191	191	113	113	162	162	256	256	153	153	165	165	306	306	145	145	0
FC	48	48MP21	118	118	144	144	103	103	134	134	110	110	158	158	193	193	109	109	156	156	256	256	153	153	165	165	306	306	145	145	0
FC	48	48MP22	120	120	144	144	103	103	134	134	125	125	164	164	191	191	113	113	162	162	256	256	168	168	165	165	306	306	145	145	0
FC	48	48MP23	120	120	144	144	103	103	134	134	125	125	164	164	191	191	113	113	162	162	256	256	168	168	165	165	277	277	145	145	0
FC	48	48MP24	120	120	144	144	103	103	134	134	125	125	158	158	193	193	109	109	156	156	256	256	153	153	165	165	277	277	145	145	0
FC	49	49MP1	120	120	144	144	101	101	134	134	144	144	158	158	200	200	107	107	156	156	256	256	170	170	165	165	306	306	145	145	0
FC	49	49MP2	120	120	146	150	110	110	134	134	125	144	158	158	192	192	107	109	156	156	256	256	170	170	165	165	0	0	145	145	3
FC	49	49MP3	120	120	144	144	110	110	134	134	125	125	158	158	192	192	109	109	156	156	256	256	170	170	165	165	306	306	145	145	0
FC	49	49MP4	120	120	144	146	110	110	134	134	144	144	158	158	192	192	107	107	156	156	256	256	170	170	165	165	302	306	145	145	2
FC	49	49MP5	120	120	146	150	110	110	134	134	125	144	158	158	192	200	107	109	156	156	256	256	170	170	165	179	302	306	145	145	6
FC	49	49MP6	120	120	144	146	101	110	134	134	125	144	158	158	192	192	107	109	156	156	256	256	170	170	165	179	302	306	145	145	6
FC	49	49MP7	120	120	144	144	110	110	134	134	125	125	158	158	192	192	109	109	156	156	256	256	170	170	165	165	306	306	145	145	0
FC	49	49MP8	120	120	146	150	110	110	134	134	125	144	158	158	192	192	107	109	156	156	256	256	170	170	165	179	302	306	145	145	5
FC	49	49MP9	120	120	146	150	101	110	134	134	144	144	158	158	192	200	107	109	156	156	256	256	170	170	165	179	302	306	145	145	6
FC	49	49MP10	120	120	144	146	101	110	134	134	144	144	158	158	192	200	107	109	156	156	256	256	170	170	165	165	302	306	145	145	5
FC	49	49MP11	120	120	150	150	101	101	134	134	125	125	158	158	192	192	109	109	156	156	256	256	170	170	179	179	306	306	145	145	0
FC	49	49MP12	120	120	146	150	101	110	134	134	125	144	158	158	192	200	107	107	156	156	256	256	170	170	165	165	302	306	145	145	5
FC	49	49MP13	120	120	150	150	110	110	134	134	144	144	158	158	192	192	107	107	156	156	256	256	170	170	179	179	306	306	145	145	0
FC	49	49MP14	120	120	144	146	101	110	134	134	144	144	158	158	192	192	107	109	156	156	256	256	170	170	165	179	302	306	145	145	5
FC	49	49MP15	120	120	144	146	110	110	134	134	125	144	158	158	192	192	107	107	156	156	256	256	170	170	165	165	302	306	145	145	3
FC	49	49MP16	120	120	146	150	101	110	134	134	144	144	158	158	192	200	107	107	156	156	256	256	170	170	165	165	302	306	145	145	4
FC	49	49MP17	120	120	144	146	110	110	134	134	144	144	158	158	192	200	107	107	156	156	256	256	170	170	165	179	302	306	145	145	4
FC	49	49MP18	120	120	144	146	101	110	134	134	144	144	158	158	192	192	107	109	156	156	256	256	170	170	165	179	302	306	145	145	5
FC	49	49MP19	120	120	144	144	101	101	134	134	144	144	158	158	192	192	109	109	156	156	256	256	170	170	179	179	306	306	145	145	0
FC	49	49MP20	120	120	146	150	101	110	134	134	125	144	158	158	192	192	107	107	156	156	256	256	170	170	165	179	302	306	145	145	5
FC	49	49MP21	120	120	144	146	110	110	134	134	144	144	158	158	192	192	107	107	156	156	256	256	170	170	165	179	302	306	145	145	3
FC	49	49MP22	120	120	144	146	110	110	134	134	125	144	158	158	192	192	107	109	156	156	256	256	170	170	165	165	302	306	145	145	4
FC	49	49MP23	120	120	146	150	110	110	134	134	125	144	158	158	192	200	107	107	156	156	256	256	170	170	165	165	302	306	145	145	4
FC	49	49MP24	120	120	150	150	101	101	134	134	144	144	158	158	192	192	109	109	156	156	256	256	0	0	179	179	306	306	145	145	0
FC	50	50MP1	120	120	150	150	101	101	134	134	125	125	162	162	191	191	109	109	156	156	256	256	168	168	157	157	277	277	145	145	0
FC	50	50MP2	120	120	150	150	101	101	134	134	125	125	162	162	191	191	109	109	156	156	256	256	168	168	179	179	277	277	145	145	0
FC	50	50MP3	120	120	150	150	101	101	134	134	125	125	158	158	191	191	113	113	156	156	256	256	168	168	157	157	277	277	145	145	0
FC	50	50MP4	120	120	150	150	101	101	134	134	125	125	162	162	191	191	113	113	156	156	256	256	168	168	157	157	277	277	145	145	0
FC	50	50MP5	120	120	150	150	101	101	134	134	113	113	158	158	191	191	109	109	156	156	256	256	153	153	157	157	277	277	145	145	0
FC	50	50MP6	120	120	150	150	101	101	134	134	113	113	158	158	191	191	109	109	156	156	256	256	0	0	179	179	277	277	145	145	0
FC	50	50MP7	120	120	150	150	101	101	134	134	113	113	158	158	191	191	109	109	156	156	256	256	153	153	179	179	277	277	145	145	0
FC	50	50MP8	120	120	150	150	101	101	134	134	125	125	158	158	191	191	113	113	156	156	256	256	0	0	157	157	277	277	145	145	0
FC	50	50MP9	120	120	150	150	101	101	134	134	113	113	162	162	191	191	109	109	156	156	256	256	168	168	157	157	277	277	145	145	0
FC	50	50MP10	120	120	150	150	101	101	134	134	113	113	162	162	191	191	109	109	156	156	256	256	153	153	179	179	277	277	145	145	0
FC	50	50MP11	120	120	150	150	101	101	134	134	113	113	162	162	191	191	109	109	156	156	256	256	153	153	157	157	277	277	145	145	0
FC	50	50MP12	120	120	150	150	101	101	134	134	113	113	158	158	191	191	113	113	156	156	256	256	153	153	157	157	277	277	145	145	0
FC	50	50MP13	120	120	150	150	101	101	134	134	113	113	158	158	191	191	109	109	156	156	256	256	153	153	157	157	277	277	145	145	0
FC	50	50MP14	120	120	150	150	101	101	134	134	125	125	158	158	191	191	109	109	156	156	256	256	168	168	157	157	277	277	145	145	0
FC	50	50MP15	120	120	150	150	101	101	134	134	113	113	158	158	191	191	109	109	156	156	256	256	168	168	179	179	277	277	145	145	0
FC	50	50MP16	120	120	150	150	101	101	134	134	125	125	162	162	191	191	113	113	156	156	256	256	168	168	179	179	277	277	145	145	0
FC	50	50MP17	120	120	150	150	101	101	134	134	125	125	162	162	191	191	113	113	156	156	256	256	168	168	179	179	277	277	145	145	0
FC	50	50MP18	120	120	150	150	101	101	134	134	125	125	158	158	191	191	109	109	156	156	256	256	168	168	179	179	277	277	145	145	0
FC	50	50MP19	120	120	150	150	101	101	134	134	125	125	158	158	191	191	109	109	156	156	256	256	168	168	179	179	277	277	145	145	0
FC	50	50MP20	120	120	150	150	101	101	134	134	125	125	158	158	191	191	109	109	156	156	256	256	153	153	179	179	277	277	145	145	0
FC	50	50MP21	120	120	150	150	101	101	134	134	125	125	158	158	191	191	113	113	156	156	256	256	153	153	179	179	277	277	145	145	0
FC	50	50MP22	120	120	150	150	101	101	134	134	113	113	162	162	191	191	109	109	156	156	256	256	153	153	179	179	277	277	145	145	0
FC	50	50MP23	120	120	150	150	101	101	134	134	113	113	162	162	191	191	113	113	156	156	256	256	153	153	179	179	277	277	145	145	0
FC	50	50MP24	120	120	150	150	101	101	134	134	125	125	162	162	191	191	113	113	156	156	256	256	168	168	179	179	277	277	145	145	0
FC	51	51MP1	120	120	144	144	101	101	134	134	125	125	162	162	191	191	104	104	156	156	256	256	153	153	179	179	294	294	145	145	0
FC	51	51MP2	121	121	144	144	103	103	134	134	137	137	162	162	194	194	104	104	156	156	256	256	153	153	165	165	302	302	145	145	0
FC	51	51MP3	120	120	144	144	101	101	134	134	125	125	162	162	191	191	104	104	156	156	254	254	153	153	165	165	294	294	145	145	0
FC	51	51MP4	0	0	0	0	0	0	0	0	0	0	162	162	191	191	104	104	156	156	256	256	153	153	165	165	302	302	145	145	0
FC	51	51MP5	121	121	144	144	103	103	134	134	137	137	162	162	194	194	104	104	156	156	256	256	153	153	165	165	302	302	145	145	0
FC	51	51MP6	0	0	144	144	0	0	0	0	137	137	162	162	191	191	104	104	156	156	256	256	153	153	179	179	294	294	145	145	0
FC	51	51MP7	120	120	144	144	101	101	134	134	125	125	162	162	191	191	104	104	156	156	256	256	153	153	165	165	294	294	145	145	0
FC	51	51MP8	121	121	144	144	103	103	134	134	137	137	162	162	194	194	104	104	156	156	256	256	153	153	179	179	294	294	145	145	0
FC	51	51MP9	120	120	144	144	101	101	134	134	137	137	162	162	191	191	104	104	156	156	256	256	0	0	165	165	294	294	145	145	0
FC	51	51MP10	120	120	144	144	101	101	134	134	125	125	162	162	194	194	104	104	156	156	256	256	153	153	179	179	294	294	145	145	0
FC	51	51MP11	118	118	144	144	97	97	0	0	137	137	162	162	191	191	104	104	156	156	256	256	153	153	179	179	294	294	145	145	0
FC	51	51MP12	121	121	144	144	103	103	134	134	137	137	162	162	194	194	104	104	156	156	256	256	153	153	179	179	294	294	145	145	0
FC	55	55MP1	120	120	150	150	101	101	134	134	113	113	162	162	200	200	109	109	156	156	256	256	159	159	167	167	294	294	149	149	0
FC	55	55MP2	120	120	150	150	97	97	134	134	113	113	162	162	200	200	109	109	156	156	256	256	159	159	167	167	306	306	149	149	0
FC	55	55MP3	120	120	150	150	101	101	134	134	149	149	162	162	191	191	109	109	156	156	256	256	170	170	179	179	294	294	145	145	0
FC	55	55MP4	120	120	150	150	97	97	134	134	149	149	162	162	191	191	109	109	156	156	256	256	0	0	167	167	306	306	149	149	0
FC	55	55MP5	120	120	150	150	97	97	134	134	149	149	162	162	191	191	109	109	156	156	256	256	0	0	179	179	306	306	145	145	0
FC	55	55MP6	120	120	150	150	101	101	134	134	113	113	159	159	200	200	109	109	156	156	256	256	159	159	167	167	306	306	149	149	0
FC	55	55MP7	120	120	150	150	101	101	134	134	113	113	162	162	200	200	109	109	156	156	256	256	170	170	179	179	294	294	145	145	0
FC	55	55MP8	127	127	150	150	110	110	0	0	148	148	162	162	191	191	109	109	156	156	256	256	0	0	179	179	306	306	0	0	0
FC	55	55MP9	127	127	150	150	0	0	0	0	148	148	162	162	200	200	109	109	156	156	256	256	170	170	167	167	306	306	149	149	0
FC	52	52MP1	127	127	144	144	101	101	134	134	125	125	162	162	191	191	109	109	156	156	256	256	208	208	165	165	302	302	145	145	0
FC	52	52MP2	120	120	150	150	103	103	134	134	125	125	162	162	193	193	107	107	153	153	256	256	159	159	163	163	302	302	145	145	0
FC	52	52MP3	127	127	144	144	101	101	134	134	125	125	164	164	191	191	109	109	156	156	256	256	159	159	165	165	302	302	145	145	0
FC	52	52MP4	120	120	144	144	101	101	134	134	125	125	164	164	191	191	109	109	156	156	256	256	159	159	165	165	302	302	145	145	0
FC	52	52MP5	127	127	144	144	101	101	134	134	125	125	162	162	191	191	109	109	156	156	256	256	208	208	165	165	302	302	149	149	0
FC	52	52MP6	120	120	144	144	101	101	134	134	125	125	164	164	191	191	109	109	156	156	256	256	208	208	163	163	302	302	145	145	0
FC	52	52MP7	127	127	144	144	103	103	134	134	125	125	162	162	191	191	109	109	156	156	256	256	159	159	163	163	302	302	145	145	0
FC	52	52MP8	120	120	144	144	105	105	134	134	148	148	162	162	191	191	109	109	156	156	256	256	208	208	163	163	302	302	145	145	0
FC	52	52MP9	120	120	144	144	101	101	134	134	148	148	164	164	193	193	109	109	153	153	256	256	208	208	163	163	302	302	145	145	0
FC	52	52MP10	127	127	144	144	101	101	134	134	125	125	162	162	191	191	107	107	156	156	256	256	153	153	163	163	302	302	145	145	0
FC	52	52MP11	120	120	144	144	101	101	134	134	125	125	164	164	191	191	109	109	156	156	256	256	153	153	165	165	302	302	149	149	0
FC	52	52MP12	127	127	144	144	103	103	134	134	148	148	162	162	193	193	109	109	156	156	256	256	208	208	163	163	302	302	0	0	0
FC	52	52MP13	127	127	144	144	103	103	134	134	125	125	164	164	193	193	109	109	153	153	256	256	0	0	165	165	302	302	145	145	0
FC	52	52MP14	120	120	144	144	101	101	134	134	125	125	164	164	191	191	109	109	156	156	256	256	208	208	165	165	302	302	145	145	0
FC	52	52MP15	127	127	144	144	103	103	134	134	125	125	162	162	193	193	109	109	156	156	256	256	159	159	163	163	302	302	145	145	0
FC	52	52MP16	0	0	0	0	0	0	0	0	0	0	162	162	193	193	109	109	156	156	256	256	0	0	165	165	302	302	145	145	0
FC	52	52MP17	127	127	144	144	103	103	134	134	125	125	162	162	193	193	109	109	156	156	256	256	159	159	163	163	302	302	145	145	0
FC	52	52MP18	120	120	144	144	103	103	134	134	125	125	164	164	193	193	109	109	156	156	256	256	208	208	165	165	302	302	145	145	0
FC	52	52MP19	120	120	144	144	101	101	134	134	148	148	164	164	191	191	107	107	156	156	256	256	159	159	163	163	306	306	145	145	0
FC	52	52MP20	120	120	144	144	103	103	134	134	148	148	162	162	193	193	109	109	156	156	256	256	208	208	163	163	302	302	145	145	0
FC	52	52MP21	120	120	144	144	103	103	134	134	125	125	162	162	191	191	109	109	156	156	256	256	159	159	163	163	302	302	145	145	0
FC	52	52MP22	120	120	144	144	103	103	134	134	148	148	164	164	193	193	109	109	156	156	256	256	159	159	163	163	302	302	145	145	0
FC	52	52MP23	120	120	144	144	103	103	134	134	125	125	164	164	191	191	109	109	156	156	256	256	159	159	163	163	302	302	145	145	0
FC	52	52MP24	120	120	150	150	101	101	134	134	125	125	164	164	191	191	109	109	156	156	256	256	153	153	163	163	302	302	145	145	0
FC	53	53MP1	120	120	150	150	101	101	134	134	113	113	164	164	191	191	109	109	158	158	254	254	168	168	179	179	306	306	145	145	0
FC	53	53MP2	120	120	144	144	101	101	134	134	113	113	158	158	194	194	109	109	156	156	256	256	170	170	179	179	306	306	145	145	0
FC	53	53MP3	120	120	144	144	101	101	134	134	144	144	158	158	194	194	109	109	156	156	254	254	170	170	163	163	306	306	145	145	0
FC	53	53MP4	120	120	150	150	110	110	134	134	113	113	164	164	194	194	109	109	158	158	254	254	168	168	163	163	306	306	145	145	0
FC	53	53MP5	120	120	150	150	101	101	0	0	113	113	158	158	191	191	109	109	158	158	254	254	168	168	163	163	306	306	145	145	0
FC	53	53MP6	120	120	150	150	101	101	134	134	144	144	164	164	191	191	109	109	158	158	254	254	170	170	163	163	306	306	145	145	0
FC	53	53MP7	120	120	144	144	110	110	134	134	113	113	158	158	191	191	109	109	158	158	256	256	170	170	163	163	306	306	145	145	0
FC	53	53MP8	120	120	144	144	101	101	134	134	144	144	158	158	191	191	109	109	158	158	256	256	170	170	179	179	306	306	145	145	0
FC	53	53MP9	120	120	150	150	110	110	0	0	144	144	164	164	191	191	109	109	158	158	256	256	168	168	163	163	306	306	145	145	0
FC	53	53MP10	120	120	150	150	110	110	134	134	113	113	164	164	191	191	109	109	156	156	254	254	168	168	179	179	306	306	145	145	0
FC	53	53MP11	120	120	150	150	101	101	134	134	113	113	164	164	194	194	109	109	156	156	256	256	168	168	163	163	306	306	145	145	0
FC	53	53MP12	120	120	150	150	110	110	134	134	144	144	158	158	191	191	109	109	158	158	254	254	168	168	179	179	306	306	145	145	0
FC	53	53MP13	120	120	0	0	110	110	134	134	0	0	164	164	194	194	109	109	156	156	254	254	170	170	179	179	306	306	145	145	0
FC	53	53MP14	120	120	150	150	101	101	134	134	113	113	158	158	191	191	109	109	156	156	256	256	168	168	179	179	306	306	145	145	0
FC	53	53MP15	120	120	144	144	110	110	134	134	144	144	158	158	191	191	109	109	158	158	256	256	168	168	179	179	306	306	0	0	0
FC	53	53MP16	120	120	144	144	101	101	134	134	113	113	164	164	191	191	109	109	158	158	256	256	168	168	163	163	306	306	145	145	0
FC	53	53MP17	120	120	144	144	101	101	134	134	113	113	158	158	191	191	109	109	158	158	254	254	168	168	179	179	306	306	145	145	0
FC	53	53MP18	120	120	150	150	101	101	134	134	144	144	164	164	194	194	109	109	156	156	254	254	168	168	179	179	306	306	145	145	0
FC	53	53MP19	120	120	144	144	110	110	134	134	144	144	0	0	0	0	0	0	0	0	0	0	0	0	179	179	306	306	145	145	0
FC	53	53MP20	120	120	144	144	110	110	134	134	144	144	158	158	194	194	109	109	156	156	256	256	170	170	179	179	306	306	145	145	0
FC	53	53MP21	120	120	150	150	110	110	134	134	113	113	158	158	194	194	109	109	156	156	254	254	170	170	179	179	306	306	145	145	0
FC	53	53MP22	120	120	150	150	101	101	134	134	113	113	164	164	194	194	109	109	158	158	256	256	170	170	163	163	306	306	145	145	0
FC	53	53MP23	120	120	150	150	101	101	134	134	113	113	158	158	194	194	109	109	156	156	256	256	170	170	179	179	306	306	145	145	0
FC	53	53MP24	120	120	144	144	110	110	134	134	113	113	164	164	191	191	109	109	158	158	256	256	170	170	179	179	306	306	145	145	0
FC	54	54MP1	118	118	150	150	103	103	134	134	137	137	162	162	191	191	107	107	156	156	256	256	170	170	163	163	306	306	145	145	0
FC	54	54MP2	127	127	144	144	101	101	134	134	125	125	162	162	191	191	107	107	156	156	256	256	170	170	163	163	306	306	145	145	0
FC	54	54MP3	118	118	150	150	101	101	134	134	125	125	162	162	191	191	107	107	162	162	256	256	170	170	167	167	302	302	145	145	0
FC	54	54MP4	118	118	150	150	103	103	134	134	125	125	162	162	191	191	107	107	162	162	256	256	170	170	163	163	306	306	145	145	0
FC	54	54MP5	127	127	144	144	101	101	134	134	125	125	162	162	191	191	107	107	156	156	256	256	170	170	163	163	302	302	145	145	0
FC	54	54MP6	127	127	144	144	101	101	134	134	137	137	162	162	191	191	107	107	156	156	256	256	170	170	163	163	302	302	145	145	0
FC	54	54MP7	127	127	144	144	101	101	134	134	125	125	162	162	191	191	107	107	156	156	256	256	170	170	163	163	306	306	145	145	0
FC	54	54MP8	127	127	144	144	105	105	134	134	137	137	162	162	191	191	107	107	156	156	256	256	170	170	163	163	302	302	145	145	0
FC	54	54MP9	118	118	148	148	103	103	134	134	125	125	162	162	191	191	107	107	156	156	256	256	170	170	167	167	306	306	145	145	0
FC	54	54MP10	127	127	144	144	101	101	134	134	125	125	162	162	191	191	107	107	156	156	256	256	170	170	167	167	306	306	145	145	0
FC	54	54MP11	127	127	144	144	105	105	134	134	137	137	162	162	191	191	107	107	156	156	256	256	170	170	167	167	302	302	145	145	0
FC	54	54MP12	118	118	144	144	101	101	0	0	125	125	162	162	191	191	107	107	162	162	256	256	170	170	163	163	306	306	145	145	0
FC	54	54MP13	118	118	150	150	97	97	134	134	137	137	162	162	191	191	107	107	156	156	256	256	170	170	163	163	306	306	145	145	0
FC	54	54MP14	118	118	144	144	103	103	0	0	125	125	162	162	191	191	107	107	162	162	256	256	170	170	167	167	306	306	145	145	0
FC	54	54MP15	118	118	150	150	101	101	134	134	125	125	162	162	191	191	107	107	162	162	256	256	170	170	163	163	302	302	145	145	0
FC	54	54MP16	0	0	150	150	97	97	134	134	137	137	162	162	191	191	107	107	162	162	256	256	170	170	163	163	302	302	145	145	0
FC	54	54MP17	127	127	144	144	105	105	134	134	137	137	162	162	191	191	107	107	156	156	256	256	170	170	167	167	306	306	145	145	0
FC	54	54MP18	118	118	148	148	103	103	134	134	125	125	162	162	191	191	107	107	162	162	256	256	170	170	167	167	306	306	145	145	0
FC	54	54MP19	127	127	144	144	103	103	134	134	125	125	162	162	191	191	107	107	156	156	256	256	170	170	167	167	302	302	145	145	0
FC	54	54MP20	118	118	148	148	101	101	134	134	125	125	162	162	191	191	107	107	162	162	256	256	170	170	163	163	302	302	145	145	0
FC	54	54MP21	127	127	150	150	101	101	134	134	125	125	162	162	191	191	107	107	162	162	256	256	170	170	163	163	306	306	145	145	0
FC	54	54MP22	127	127	144	144	101	101	134	134	125	125	162	162	191	191	107	107	162	162	256	256	170	170	167	167	302	302	145	145	0
FC	54	54MP23	118	118	148	148	101	101	134	134	137	137	162	162	191	191	107	107	162	162	256	256	170	170	167	167	302	302	145	145	0
FC	54	54MP24	118	118	144	144	101	101	134	134	137	137	162	162	191	191	107	107	156	156	256	256	0	0	167	167	302	302	145	145	0
FC	61	61MP1	127	127	150	150	103	103	134	134	125	125	164	164	191	191	107	107	156	156	256	256	168	168	165	165	306	306	145	145	0
FC	61	61MP2	127	127	150	150	103	103	134	134	125	125	164	164	191	191	107	107	156	156	256	256	0	0	179	179	306	306	145	145	0
FC	61	61MP3	120	120	150	150	103	103	134	134	125	125	164	164	191	191	107	107	156	156	256	256	0	0	165	165	306	306	145	145	0
FC	61	61MP4	0	0	0	0	0	0	134	134	0	0	164	164	191	191	107	107	156	156	256	256	168	168	165	165	306	306	145	145	0
FC	61	61MP5	127	127	150	150	103	103	134	134	125	125	164	164	191	191	107	107	156	156	256	256	168	168	179	179	306	306	145	145	0
FC	61	61MP6	127	127	150	150	101	101	134	134	125	125	164	164	191	191	107	107	156	156	256	256	168	168	165	165	306	306	145	145	0
FC	61	61MP7	120	120	150	150	103	103	134	134	125	125	164	164	191	191	107	107	156	156	256	256	168	168	165	165	306	306	145	145	0
FC	61	61MP8	120	120	150	150	103	103	134	134	125	125	164	164	191	191	107	107	156	156	256	256	168	168	165	165	306	306	145	145	0
FC	61	61MP9	127	127	0	0	0	0	134	134	0	0	162	162	0	0	113	113	153	153	256	256	0	0	165	165	306	306	145	145	0
FC	61	61MP10	127	127	150	150	103	103	134	134	125	125	164	164	191	191	107	107	156	156	256	256	168	168	165	165	306	306	145	145	0
FC	61	61MP11	127	127	150	150	103	103	134	134	125	125	164	164	191	191	107	107	156	156	256	256	168	168	179	179	306	306	145	145	0
FC	61	61MP12	127	127	150	150	103	103	134	134	125	125	164	164	191	191	107	107	156	156	256	256	168	168	179	179	306	306	145	145	0
FC	67	67MP1	127	127	150	150	101	101	134	134	125	125	162	162	200	200	109	109	156	156	256	256	159	159	157	157	277	277	145	145	0
FC	67	67MP2	120	120	150	150	101	101	0	0	125	125	162	162	200	200	109	109	156	156	256	256	0	0	165	165	277	277	145	145	0
FC	67	67MP3	127	127	150	150	101	101	134	134	125	125	162	162	191	191	109	109	156	156	256	256	168	168	165	165	304	304	145	145	0
FC	67	67MP4	120	120	150	150	101	101	134	134	110	110	162	162	191	191	109	109	153	153	256	256	0	0	165	165	0	0	145	145	0
FC	67	67MP5	120	120	150	150	101	101	134	134	125	125	162	162	191	191	109	109	156	156	256	256	159	159	157	157	304	304	145	145	0
FC	67	67MP6	127	127	150	150	101	101	134	134	125	125	162	162	200	200	109	109	156	156	256	256	168	168	165	165	277	277	145	145	0
FC	67	67MP7	120	120	150	150	98	98	134	134	125	125	162	162	191	191	109	109	156	156	256	256	0	0	165	165	304	304	145	145	0
FC	67	67MP8	0	0	150	150	101	101	134	134	125	125	162	162	191	191	104	104	153	153	256	256	0	0	0	0	302	302	0	0	0
FC	67	67MP9	120	120	150	150	101	101	0	0	125	125	162	162	191	191	109	109	156	156	256	256	0	0	165	165	304	304	145	145	0
FC	56	56MP1	120	120	144	144	101	101	134	134	125	125	158	158	200	200	113	113	162	162	254	254	168	168	0	0	0	0	0	0	0
FC	56	56MP2	120	120	150	150	110	110	134	134	125	125	164	164	200	200	113	113	156	156	256	256	170	170	165	165	306	306	145	145	0
FC	56	56MP3	120	120	144	144	101	101	134	134	125	125	164	164	191	191	113	113	156	156	256	256	168	168	165	165	306	306	145	145	0
FC	56	56MP4	120	120	144	144	110	110	134	134	125	125	158	158	191	191	113	113	156	156	256	256	168	168	0	0	306	306	0	0	0
FC	56	56MP5	120	120	150	150	110	110	134	134	125	125	164	164	200	200	113	113	162	162	256	256	168	168	165	165	306	306	145	145	0
FC	56	56MP6	120	120	150	150	101	101	134	134	125	125	158	158	200	200	113	113	162	162	256	256	170	170	165	165	306	306	145	145	0
FC	56	56MP7	120	120	150	150	101	101	134	134	125	125	158	158	191	191	113	113	156	156	256	256	168	168	0	0	306	306	0	0	0
FC	56	56MP8	120	120	151	151	101	101	134	134	125	125	158	158	191	191	113	113	156	156	256	256	170	170	165	165	306	306	145	145	0
FC	56	56MP9	120	120	144	144	110	110	134	134	125	125	164	164	191	191	113	113	156	156	256	256	170	170	165	165	306	306	145	145	0
FC	56	56MP10	120	120	150	150	110	110	134	134	125	125	164	164	191	191	113	113	156	156	256	256	170	170	165	165	306	306	149	149	0
FC	56	56MP11	120	120	144	144	101	101	134	134	125	125	158	158	191	191	113	113	162	162	256	256	168	168	165	165	306	306	145	145	0
FC	56	56MP12	120	120	150	150	101	101	134	134	125	125	164	164	200	200	113	113	162	162	256	256	168	168	165	165	306	306	145	145	0
FC	56	56MP13	120	120	150	150	110	110	134	134	125	125	158	158	200	200	113	113	162	162	256	256	168	168	165	165	306	306	145	145	0
FC	56	56MP14	120	120	144	144	101	101	134	134	125	125	158	158	200	200	113	113	156	156	256	256	170	170	165	165	306	306	0	0	0
FC	56	56MP15	120	120	144	144	110	110	134	134	125	125	158	158	191	191	113	113	156	156	256	256	168	168	165	165	306	306	145	145	0
FC	56	56MP16	120	120	144	144	110	110	134	134	125	125	164	164	200	200	113	113	162	162	256	256	168	168	165	165	306	306	145	145	0
FC	56	56MP17	120	120	150	150	101	101	134	134	125	125	164	164	191	191	113	113	156	156	256	256	168	168	165	165	306	306	145	145	0
FC	56	56MP18	120	120	144	144	110	110	134	134	125	125	158	158	200	200	113	113	162	162	256	256	170	170	165	165	306	306	145	145	0
FC	56	56MP19	120	120	144	144	110	110	134	134	125	125	164	164	191	191	113	113	156	156	256	256	170	170	165	165	306	306	145	145	0
FC	56	56MP20	120	120	150	150	101	101	134	134	125	125	158	158	200	200	113	113	162	162	256	256	168	168	165	165	306	306	149	149	0
FC	56	56MP21	120	120	144	144	101	101	134	134	125	125	164	164	191	191	113	113	156	156	256	256	168	168	165	165	306	306	145	145	0
FC	56	56MP22	120	120	151	151	103	103	134	134	125	125	158	158	200	200	104	104	162	162	256	256	170	170	165	165	306	306	145	145	0
FC	56	56MP23	120	120	144	144	110	110	134	134	125	125	164	164	191	191	113	113	156	156	256	256	168	168	165	165	306	306	145	145	0
FC	56	56MP24	120	120	144	144	101	101	134	134	125	125	164	164	200	200	113	113	162	162	256	256	168	168	165	165	306	306	145	145	0
FC	57	57MP1	120	120	150	150	101	101	134	134	144	144	162	162	200	200	104	104	156	156	256	256	170	170	165	165	306	306	145	145	0
FC	57	57MP2	120	120	150	150	101	101	134	134	125	125	162	162	194	194	109	109	156	156	256	256	208	208	165	165	277	277	146	146	0
FC	57	57MP3	120	120	150	150	101	101	134	134	144	144	162	162	200	200	104	104	156	156	256	256	170	170	165	165	277	277	145	145	0
FC	57	57MP4	120	120	150	150	101	101	134	134	144	144	162	162	200	200	109	109	156	156	256	256	208	208	165	165	306	306	145	145	0
FC	57	57MP5	0	0	150	150	0	0	0	0	144	144	162	162	194	194	109	109	156	156	256	256	170	170	165	165	306	306	145	145	0
FC	57	57MP6	120	120	148	148	101	101	134	134	125	125	162	162	194	194	109	109	156	156	256	256	170	170	165	165	277	277	145	145	0
FC	57	57MP7	120	120	150	150	101	101	134	134	144	144	162	162	200	200	109	109	156	156	256	256	208	208	165	165	306	306	145	145	0
FC	57	57MP8	130	130	150	150	101	101	134	134	144	144	162	162	194	194	109	109	156	156	256	256	170	170	165	165	306	306	145	145	0
FC	57	57MP9	120	120	150	150	101	101	134	134	125	125	162	162	194	194	104	104	156	156	256	256	208	208	165	165	306	306	145	145	0
FC	57	57MP10	130	130	148	148	101	101	134	134	125	125	162	162	200	200	104	104	156	156	256	256	208	208	165	165	306	306	145	145	0
FC	57	57MP11	130	130	148	148	101	101	134	134	125	125	162	162	194	194	109	109	156	156	256	256	208	208	165	165	306	306	145	145	0
FC	57	57MP12	120	120	150	150	103	103	134	134	144	144	162	162	200	200	111	111	156	156	256	256	208	208	179	179	306	306	149	149	0
FC	57	57MP13	130	130	148	148	101	101	134	134	144	144	162	162	200	200	109	109	156	156	256	256	208	208	165	165	277	277	149	149	0
FC	57	57MP14	120	120	150	150	101	101	134	134	144	144	162	162	194	194	109	109	156	156	256	256	170	170	165	165	306	306	145	145	0
FC	57	57MP15	120	120	150	150	101	101	134	134	125	125	162	162	200	200	109	109	156	156	256	256	170	170	165	165	306	306	145	145	0
FC	57	57MP16	130	130	148	148	101	101	134	134	125	125	162	162	194	194	109	109	156	156	256	256	208	208	165	165	306	306	149	149	0
FC	57	57MP17	130	130	150	150	101	101	134	134	125	125	162	162	194	194	109	109	156	156	256	256	170	170	165	165	277	277	145	145	0
FC	57	57MP18	130	130	148	148	101	101	134	134	144	144	162	162	194	194	109	109	156	156	256	256	170	170	165	165	306	306	145	145	0
FC	57	57MP19	120	120	150	150	101	101	134	134	125	125	162	162	200	200	109	109	156	156	256	256	170	170	165	165	277	277	145	145	0
FC	57	57MP20	130	130	148	148	101	101	134	134	125	125	162	162	194	194	104	104	156	156	256	256	170	170	165	165	306	306	145	145	0
FC	57	57MP21	130	130	148	148	101	101	134	134	125	125	162	162	194	194	109	109	156	156	256	256	170	170	165	165	306	306	145	145	0
FC	57	57MP22	130	130	148	148	101	101	134	134	144	144	162	162	194	194	109	109	156	156	256	256	170	170	165	165	306	306	145	145	0
FC	57	57MP23	120	120	150	150	101	101	134	134	144	144	162	162	194	194	104	104	156	156	256	256	170	170	165	165	277	277	145	145	0
FC	57	57MP24	120	120	150	150	101	101	134	134	144	144	162	162	194	194	109	109	156	156	256	256	208	208	165	165	277	277	145	145	0
FC	59	59MP1	118	118	150	150	101	101	134	134	113	113	162	162	191	191	109	109	162	162	256	256	170	170	165	165	277	277	145	145	0
FC	59	59MP2	118	118	150	150	101	101	134	134	113	113	162	162	191	191	109	109	162	162	256	256	170	170	165	165	294	294	145	145	0
FC	59	59MP3	118	118	150	150	101	101	134	134	113	113	162	162	191	191	109	109	158	158	256	256	170	170	163	163	294	294	145	145	0
FC	59	59MP4	118	118	150	150	101	101	134	134	113	113	162	162	191	191	109	109	162	162	256	256	0	0	163	163	294	294	145	145	0
FC	59	59MP5	120	120	150	150	101	101	134	134	113	113	162	162	191	191	109	109	162	162	256	256	170	170	163	163	294	294	145	145	0
FC	59	59MP6	118	118	150	150	101	101	134	134	113	113	162	162	191	191	104	104	158	158	256	256	170	170	163	163	294	294	145	145	0
FC	59	59MP7	118	118	150	150	101	101	134	134	113	113	162	162	191	191	104	104	162	162	256	256	170	170	165	165	277	277	145	145	0
FC	59	59MP8	118	118	150	150	101	101	134	134	113	113	162	162	191	191	109	109	162	162	256	256	170	170	163	163	294	294	145	145	0
FC	59	59MP9	118	118	150	150	101	101	134	134	113	113	162	162	191	191	104	104	158	158	256	256	170	170	165	165	277	277	145	145	0
FC	59	59MP10	118	118	150	150	101	101	134	134	113	113	162	162	191	191	104	104	158	158	256	256	170	170	163	163	294	294	145	145	0
FC	59	59MP11	118	118	150	150	101	101	134	134	113	113	162	162	191	191	109	109	162	162	256	256	170	170	163	163	277	277	145	145	0
FC	59	59MP12	120	120	150	150	101	101	134	134	113	113	162	162	191	191	104	104	162	162	256	256	170	170	163	163	277	277	145	145	0
FC	59	59MP13	118	118	150	150	101	101	134	134	113	113	162	162	191	191	109	109	162	162	256	256	170	170	163	163	294	294	145	145	0
FC	59	59MP14	120	120	150	150	101	101	134	134	113	113	162	162	191	191	104	104	158	158	256	256	170	170	165	165	294	294	145	145	0
FC	59	59MP15	120	120	150	150	101	101	134	134	113	113	162	162	191	191	109	109	158	158	256	256	170	170	0	0	0	0	0	0	0
FC	59	59MP16	118	118	150	150	101	101	134	134	113	113	162	162	191	191	109	109	162	162	256	256	170	170	165	165	277	277	145	145	0
FC	59	59MP17	118	118	150	150	101	101	134	134	113	113	162	162	191	191	104	104	158	158	256	256	170	170	163	163	277	277	145	145	0
FC	59	59MP18	120	120	150	150	101	101	134	134	113	113	162	162	191	191	104	104	162	162	256	256	170	170	165	165	294	294	145	145	0
FC	59	59MP19	120	120	150	150	101	101	134	134	113	113	162	162	191	191	109	109	162	162	256	256	170	170	165	165	294	294	145	145	0
FC	59	59MP20	118	118	150	150	101	101	134	134	113	113	162	162	191	191	109	109	162	162	256	256	170	170	163	163	294	294	145	145	0
FC	59	59MP21	120	120	150	150	101	101	134	134	113	113	162	162	191	191	104	104	158	158	256	256	170	170	163	163	294	294	145	145	0
FC	59	59MP22	118	118	150	150	101	101	134	134	113	113	162	162	191	191	109	109	162	162	256	256	170	170	165	165	277	277	145	145	0
FC	59	59MP23	120	120	150	150	101	101	134	134	113	113	162	162	191	191	104	104	158	158	256	256	170	170	163	163	277	277	145	145	0
FC	59	59MP24	120	120	150	150	101	101	134	134	113	113	162	162	191	191	104	104	162	162	256	256	170	170	163	163	294	294	145	145	0
FC	60	60MP1	127	127	150	150	101	101	134	134	113	113	158	158	200	200	113	113	162	162	256	256	170	170	179	179	277	277	145	145	0
FC	60	60MP2	127	127	150	150	101	101	134	134	125	125	162	162	191	191	111	111	162	162	256	256	170	170	179	179	277	277	145	145	0
FC	60	60MP3	120	120	150	150	101	101	134	134	113	113	158	158	191	191	111	111	162	162	256	256	170	170	179	179	306	306	145	145	0
FC	60	60MP4	127	127	150	150	101	101	134	134	125	125	162	162	200	200	111	111	162	162	256	256	170	170	179	179	277	277	145	145	0
FC	60	60MP5	127	127	150	150	101	101	134	134	113	113	158	158	200	200	113	113	162	162	256	256	170	170	179	179	306	306	145	145	0
FC	60	60MP6	120	120	150	150	101	101	134	134	113	113	162	162	200	200	111	111	162	162	256	256	170	170	179	179	277	277	145	145	0
FC	60	60MP7	127	127	150	150	101	101	134	134	113	113	162	162	200	200	113	113	162	162	256	256	170	170	179	179	306	306	145	145	0
FC	60	60MP8	120	120	150	150	101	101	134	134	125	125	158	158	191	191	111	111	162	162	256	256	170	170	179	179	306	306	145	145	0
FC	60	60MP9	120	120	150	150	101	101	134	134	113	113	158	158	199	199	111	111	162	162	256	256	170	170	179	179	277	277	145	145	0
FC	60	60MP10	127	127	150	150	101	101	134	134	125	125	162	162	200	200	111	111	162	162	256	256	170	170	165	165	277	277	145	145	0
FC	60	60MP11	127	127	150	150	101	101	134	134	125	125	158	158	200	200	111	111	162	162	256	256	170	170	165	165	306	306	145	145	0
FC	60	60MP12	127	127	150	150	101	101	134	134	113	113	162	162	200	200	111	111	162	162	256	256	170	170	179	179	277	277	145	145	0
FC	60	60MP13	120	120	150	150	101	101	134	134	125	125	158	158	200	200	111	111	162	162	256	256	170	170	165	165	277	277	145	145	0
FC	60	60MP14	120	120	150	150	101	101	134	134	113	113	158	158	200	200	113	113	162	162	256	256	170	170	179	179	306	306	145	145	0
FC	60	60MP15	120	120	150	150	101	101	134	134	113	113	158	158	191	191	111	111	162	162	256	256	170	170	179	179	277	277	145	145	0
FC	60	60MP16	127	127	150	150	101	101	134	134	113	113	158	158	191	191	111	111	162	162	256	256	170	170	165	165	277	277	145	145	0
FC	60	60MP17	120	120	150	150	101	101	134	134	125	125	158	158	199	199	113	113	162	162	256	256	170	170	179	179	306	306	145	145	0
FC	60	60MP18	127	127	150	150	101	101	134	134	125	125	158	158	200	200	113	113	162	162	256	256	170	170	165	165	306	306	145	145	0
FC	60	60MP19	120	120	150	150	101	101	134	134	113	113	158	158	191	191	111	111	162	162	256	256	170	170	179	179	277	277	145	145	0
FC	60	60MP20	127	127	150	150	101	101	134	134	125	125	162	162	200	200	111	111	162	162	256	256	170	170	165	165	306	306	145	145	0
FC	60	60MP21	120	120	150	150	101	101	134	134	113	113	158	158	191	191	113	113	162	162	256	256	170	170	179	179	277	277	145	145	0
FC	60	60MP22	121	121	150	150	105	105	0	0	0	0	158	158	191	191	113	113	162	162	256	256	170	170	165	165	277	277	145	145	0
FC	60	60MP23	120	120	150	150	101	101	134	134	113	113	158	158	200	200	111	111	162	162	256	256	170	170	165	165	277	277	145	145	0
FC	60	60MP24	127	127	150	150	101	101	134	134	125	125	158	158	200	200	113	113	162	162	256	256	170	170	179	179	277	277	145	145	0
FC	63	63MP1	120	120	150	150	101	101	134	134	144	144	162	162	191	191	113	113	162	162	256	256	168	168	165	165	306	306	145	145	0
FC	63	63MP2	130	130	147	147	110	110	0	0	0	0	158	158	191	191	113	113	156	156	256	256	170	170	165	165	306	306	145	145	0
FC	63	63MP3	127	127	150	150	105	105	134	134	125	125	158	158	192	192	109	109	162	162	256	256	170	170	165	165	306	306	145	145	0
FC	63	63MP4	0	0	0	0	0	0	0	0	0	0	158	158	191	191	113	113	156	156	256	256	170	170	165	165	306	306	145	145	0
FC	63	63MP5	127	127	144	144	105	105	134	134	125	125	162	162	192	192	113	113	162	162	256	256	170	170	163	163	306	306	145	145	0
FC	63	63MP6	120	120	150	150	105	105	134	134	144	144	162	162	192	192	113	113	156	156	256	256	168	168	163	163	306	306	145	145	0
FC	63	63MP7	120	120	150	150	105	105	134	134	144	144	158	158	191	191	113	113	156	156	256	256	170	170	163	163	306	306	145	145	0
FC	64	64MP1	120	120	144	144	101	101	134	134	110	110	158	158	191	191	109	109	156	156	256	256	0	0	179	179	302	302	145	145	0
FC	64	64MP2	120	120	144	144	101	101	134	134	125	125	158	158	191	191	109	109	156	156	257	257	0	0	179	179	294	294	145	145	0
FC	64	64MP3	120	120	144	144	101	101	134	134	125	125	162	162	200	200	109	109	156	156	256	256	153	153	163	163	294	294	145	145	0
FC	64	64MP4	120	120	144	144	101	101	134	134	125	125	162	162	191	191	107	107	156	156	257	257	0	0	179	179	294	294	145	145	0
FC	64	64MP5	120	120	144	144	101	101	134	134	110	110	158	158	191	191	109	109	156	156	257	257	168	168	163	163	294	294	145	145	0
FC	64	64MP6	120	120	144	144	101	101	134	134	110	110	162	162	191	191	107	107	156	156	256	256	168	168	179	179	294	294	145	145	0
FC	64	64MP7	120	120	144	144	101	101	134	134	110	110	158	158	191	191	109	109	156	156	257	257	153	153	163	163	302	302	0	0	0
FC	64	64MP8	120	120	144	144	101	101	134	134	110	110	158	158	200	200	109	109	156	156	256	256	0	0	163	163	302	302	145	145	0
FC	64	64MP9	120	120	144	144	101	101	134	134	125	125	162	162	191	191	107	107	156	156	257	257	168	168	179	179	302	302	145	145	0
FC	64	64MP10	120	120	144	144	101	101	134	134	125	125	158	158	200	200	107	107	156	156	256	256	168	168	179	179	294	294	145	145	0
FC	64	64MP11	120	120	144	144	101	101	134	134	110	110	162	162	200	200	107	107	156	156	257	257	153	153	179	179	302	302	145	145	0
FC	64	64MP12	120	120	144	144	101	101	134	134	125	125	162	162	200	200	107	107	156	156	257	257	168	168	163	163	302	302	145	145	0
FC	64	64MP13	120	120	144	144	101	101	134	134	110	110	162	162	200	200	107	107	156	156	256	256	0	0	179	179	294	294	145	145	0
FC	64	64MP14	120	120	144	144	101	101	134	134	110	110	158	158	191	191	109	109	156	156	257	257	168	168	163	163	302	302	145	145	0
FC	64	64MP15	120	120	144	144	101	101	134	134	110	110	158	158	191	191	107	107	156	156	257	257	168	168	179	179	302	302	0	0	0
FC	64	64MP16	120	120	144	144	101	101	134	134	110	110	158	158	191	191	107	107	156	156	257	257	168	168	163	163	294	294	145	145	0
FC	64	64MP17	120	120	144	144	101	101	134	134	125	125	162	162	200	200	107	107	156	156	256	256	0	0	163	163	302	302	145	145	0
FC	64	64MP18	120	120	144	144	101	101	134	134	110	110	162	162	191	191	109	109	156	156	257	257	168	168	179	179	302	302	145	145	0
FC	64	64MP19	120	120	144	144	101	101	134	134	125	125	158	158	191	191	107	107	156	156	257	257	168	168	163	163	294	294	145	145	0
FC	64	64MP20	120	120	144	144	101	101	134	134	110	110	158	158	200	200	109	109	156	156	256	256	0	0	163	163	302	302	145	145	0
FC	64	64MP21	120	120	144	144	101	101	134	134	110	110	158	158	191	191	109	109	156	156	256	256	0	0	179	179	302	302	145	145	0
FC	64	64MP22	120	120	144	144	101	101	134	134	125	125	162	162	200	200	109	109	156	156	256	256	153	153	163	163	294	294	145	145	0
FC	64	64MP23	120	120	144	144	101	101	134	134	125	125	162	162	191	191	109	109	156	156	257	257	0	0	163	163	302	302	145	145	0
FC	64	64MP24	120	120	144	144	101	101	134	134	125	125	162	162	191	191	109	109	156	156	256	256	168	168	179	179	302	302	145	145	0
FC	68	68MP1	0	0	0	0	0	0	0	0	0	0	162	162	191	191	113	113	156	156	256	256	0	0	163	163	306	306	145	145	0
FC	68	68MP2	118	118	150	150	101	101	134	134	144	144	162	162	200	200	104	104	158	158	256	256	0	0	179	179	306	306	145	145	0
FC	68	68MP3	120	120	150	150	97	97	134	134	144	144	162	162	200	200	104	104	158	158	256	256	170	170	163	163	306	306	145	145	0
FC	68	68MP4	120	120	150	150	101	101	134	134	144	144	162	162	200	200	113	113	158	158	256	256	170	170	179	179	302	302	145	145	0
FC	68	68MP5	120	120	150	150	97	97	134	134	144	144	162	162	191	191	104	104	156	156	256	256	170	170	179	179	277	277	145	145	0
FC	68	68MP6	120	120	150	150	101	101	134	134	144	144	162	162	191	191	104	104	156	156	256	256	170	170	179	179	306	306	145	145	0
FC	68	68MP7	118	118	150	150	97	97	134	134	144	144	162	162	200	200	113	113	158	158	256	256	170	170	179	179	0	0	145	145	0
FC	68	68MP8	120	120	150	150	101	101	134	134	144	144	162	162	191	191	104	104	158	158	256	256	170	170	163	163	306	306	145	145	0
FC	68	68MP9	118	118	150	150	97	97	134	134	113	113	162	162	191	191	113	113	156	156	256	256	0	0	163	163	277	277	145	145	0
FC	68	68MP10	118	118	150	150	97	97	134	134	113	113	162	162	200	200	104	104	158	158	256	256	170	170	163	163	306	306	145	145	0
FC	68	68MP11	118	118	150	150	97	97	134	134	113	113	162	162	191	191	113	113	156	156	256	256	170	170	163	163	277	277	145	145	0
FC	68	68MP12	120	120	150	150	97	97	134	134	144	144	162	162	191	191	113	113	156	156	256	256	0	0	179	179	302	302	145	145	0
FC	68	68MP13	118	118	150	150	97	97	134	134	144	144	162	162	200	200	113	113	158	158	256	256	170	170	179	179	306	306	145	145	0
FC	68	68MP14	118	118	150	150	97	97	134	134	113	113	162	162	191	191	113	113	156	156	256	256	170	170	179	179	0	0	145	145	0
FC	68	68MP15	120	120	150	150	101	101	134	134	144	144	162	162	191	191	113	113	156	156	256	256	170	170	179	179	306	306	145	145	0
FC	68	68MP16	118	118	150	150	97	97	134	134	113	113	162	162	200	200	104	104	156	156	256	256	170	170	179	179	277	277	145	145	0
FC	68	68MP17	118	118	150	150	101	101	134	134	0	0	162	162	200	200	113	113	158	158	256	256	170	170	179	179	302	302	0	0	0
FC	68	68MP18	120	120	150	150	101	101	134	134	144	144	162	162	191	191	104	104	156	156	256	256	170	170	163	163	0	0	145	145	0
FC	68	68MP19	120	120	150	150	97	97	134	134	0	0	162	162	191	191	113	113	156	156	256	256	170	170	179	179	306	306	145	145	0
FC	68	68MP20	118	118	150	150	97	97	134	134	0	0	162	162	191	191	113	113	156	156	256	256	0	0	179	179	306	306	145	145	0
FC	68	68MP21	118	118	150	150	97	97	134	134	113	113	162	162	191	191	113	113	156	156	256	256	0	0	163	163	306	306	145	145	0
FC	68	68MP22	120	120	150	150	97	97	134	134	113	113	162	162	191	191	113	113	156	156	256	256	170	170	163	163	306	306	145	145	0
FC	68	68MP23	118	118	150	150	101	101	134	134	0	0	162	162	200	200	113	113	158	158	256	256	170	170	179	179	277	277	145	145	0
FC	68	68MP24	118	118	150	150	97	97	134	134	0	0	162	162	191	191	113	113	156	156	256	256	170	170	163	163	306	306	145	145	0
FC	181	181MP1	127	127	151	151	98	98	134	134	137	137	156	156	191	191	107	107	156	156	256	256	170	170	165	165	302	302	145	145	0
FC	181	181MP2	120	120	150	150	101	101	134	134	125	125	162	162	193	193	107	107	156	156	256	256	0	0	165	165	306	306	145	145	0
FC	181	181MP3	0	0	0	0	0	0	0	0	0	0	162	162	193	193	107	107	158	158	0	0	0	0	165	165	306	306	145	145	0
FC	181	181MP4	0	0	0	0	0	0	0	0	0	0	162	162	193	193	109	109	158	158	256	256	0	0	165	165	302	302	145	145	0
FC	181	181MP5	0	0	0	0	0	0	0	0	0	0	162	162	191	191	109	109	158	158	256	256	0	0	165	165	306	306	145	145	0
FC	181	181MP6	0	0	0	0	0	0	0	0	0	0	162	162	193	193	107	107	156	156	256	256	0	0	165	165	306	306	145	145	0
FC	181	181MP7	120	120	150	150	98	98	134	134	125	125	156	156	191	191	109	109	156	156	256	256	0	0	165	165	302	302	145	145	0
FC	181	181MP8	0	0	0	0	0	0	0	0	0	0	162	162	193	193	107	107	156	156	256	256	0	0	165	165	306	306	145	145	0
FC	181	181MP9	0	0	0	0	0	0	0	0	0	0	0	0	0	0	0	0	0	0	0	0	0	0	165	165	306	306	145	145	0
FC	181	181MP10	0	0	0	0	0	0	0	0	0	0	162	162	191	191	109	109	156	156	256	256	0	0	0	0	0	0	0	0	0
FC	181	181MP11	0	0	0	0	0	0	0	0	0	0	158	158	191	191	107	107	158	158	256	256	0	0	165	165	306	306	145	145	0
FC	181	181MP12	0	0	0	0	0	0	0	0	0	0	158	158	193	193	109	109	158	158	256	256	0	0	165	165	306	306	145	145	0
FC	181	181MP13	0	0	0	0	0	0	0	0	0	0	162	162	191	191	107	107	156	156	256	256	0	0	165	165	306	306	145	145	0
FC	181	181MP14	0	0	0	0	0	0	0	0	0	0	162	162	193	193	109	109	158	158	256	256	0	0	165	165	302	302	145	145	0
FC	181	181MP15	120	120	150	150	101	101	134	134	137	137	162	162	191	191	0	0	156	156	256	256	0	0	165	165	302	302	145	145	0
FC	181	181MP16	127	127	150	150	101	101	134	134	125	125	158	158	191	191	109	109	158	158	256	256	0	0	165	165	302	302	145	145	0
FC	181	181MP17	127	127	150	150	0	0	0	0	0	0	162	162	193	193	107	107	158	158	256	256	0	0	165	165	306	306	145	145	0
FC	181	181MP18	127	127	151	151	101	101	134	134	125	125	162	162	191	191	107	107	158	158	0	0	0	0	0	0	0	0	0	0	0
FC	181	181MP19	120	120	151	151	0	0	0	0	0	0	162	162	193	193	109	109	156	156	256	256	0	0	0	0	0	0	0	0	0
FC	181	181MP20	127	127	150	150	103	103	134	134	125	125	162	162	191	191	109	109	156	156	256	256	0	0	165	165	302	302	145	145	0
FC	183	183MP1	127	127	146	146	110	110	134	134	0	0	162	162	193	193	109	109	156	156	256	256	0	0	163	163	306	306	145	145	0
FC	183	183MP2	120	120	146	146	110	110	134	134	113	113	162	162	193	193	109	109	156	156	256	256	0	0	163	163	306	306	145	145	0
FC	183	183MP3	120	120	146	146	110	110	134	134	125	125	164	164	193	193	109	109	156	156	256	256	0	0	163	163	279	279	145	145	0
FC	183	183MP4	127	127	150	150	110	110	0	0	0	0	162	162	200	200	109	109	156	156	256	256	0	0	163	163	302	302	145	145	0
FC	183	183MP5	120	120	146	146	110	110	134	134	125	125	164	164	200	200	109	109	156	156	256	256	0	0	163	163	279	279	0	0	0
FC	183	183MP6	120	120	150	150	110	110	134	134	125	125	162	162	200	200	109	109	156	156	256	256	0	0	0	0	0	0	0	0	0
FC	183	183MP7	120	120	146	146	101	101	134	134	125	125	162	162	200	200	111	111	156	156	256	256	0	0	163	163	302	302	0	0	0
FC	183	183MP8	120	120	150	150	110	110	0	0	0	0	162	162	200	200	109	109	156	156	256	256	153	153	165	165	0	0	0	0	0
FC	183	183MP9	120	120	146	146	101	101	134	134	125	125	0	0	0	0	0	0	0	0	0	0	0	0	163	163	302	302	145	145	0
FC	183	183MP10	120	120	150	150	110	110	134	134	125	125	162	162	200	200	109	109	156	156	256	256	0	0	163	163	306	306	149	149	0
FC	183	183MP11	120	120	150	150	110	110	134	134	125	125	162	162	200	200	109	109	156	156	256	256	0	0	163	163	302	302	0	0	0
FC	183	183MP12	120	120	150	150	0	0	0	0	0	0	162	162	200	200	107	107	156	156	256	256	0	0	163	163	302	302	0	0	0
FC	183	183MP13	127	127	150	150	110	110	134	134	125	125	162	162	193	193	0	0	156	156	256	256	0	0	163	163	302	302	145	145	0
FC	183	183MP14	120	120	150	150	110	110	0	0	125	125	162	162	200	200	0	0	156	156	256	256	0	0	163	163	279	279	145	145	0
FC	183	183MP15	120	120	146	146	0	0	0	0	0	0	0	0	200	200	0	0	0	0	256	256	0	0	163	163	302	302	0	0	0
FC	185	185MP1	120	120	150	150	103	103	134	134	125	125	158	158	191	191	113	113	156	156	256	256	0	0	157	157	306	306	149	149	0
FC	185	185MP2	120	120	150	150	110	110	134	134	125	125	158	158	191	191	113	113	162	162	256	256	0	0	157	157	306	306	149	149	0
FC	185	185MP3	120	120	150	150	110	110	134	134	125	125	158	158	193	193	113	113	156	156	256	256	0	0	179	179	302	302	0	0	0
FC	185	185MP4	120	120	150	150	103	103	134	134	125	125	158	158	191	191	113	113	162	162	256	256	0	0	179	179	302	302	0	0	0
FC	185	185MP5	120	120	150	150	110	110	0	0	0	0	158	158	193	193	0	0	0	0	0	0	0	0	179	179	306	306	0	0	0
FC	185	185MP6	120	120	150	150	110	110	134	134	125	125	158	158	193	193	113	113	156	156	256	256	0	0	179	179	302	302	145	145	0
FC	185	185MP7	120	120	150	150	103	103	134	134	144	144	158	158	191	191	113	113	162	162	256	256	170	170	179	179	302	302	149	149	0
FC	185	185MP8	120	120	150	150	103	103	0	0	0	0	158	158	193	193	113	113	162	162	256	256	170	170	179	179	302	302	0	0	0
EM	76	76M1	120	120	150	150	110	110	134	134	144	144	162	162	193	193	104	104	156	156	254	254	170	170	157	157	306	306	145	145	0
EM	76	76M2	120	120	150	150	110	110	134	134	144	144	162	162	193	193	104	104	156	156	254	254	170	170	157	157	0	0	145	145	0
EM	76	76M3	120	120	150	150	110	110	134	134	144	144	162	162	194	194	107	107	156	156	254	254	170	170	157	157	0	0	145	145	0
EM	86	86M1	120	120	150	150	101	101	134	134	125	125	158	158	191	191	109	109	156	156	256	256	170	170	167	167	0	0	145	145	0
EM	89	89M1	127	127	150	150	101	101	134	134	113	113	164	164	191	191	107	107	162	162	256	256	0	0	165	165	277	277	145	145	0
EM	89	89M2	127	127	150	150	101	101	134	134	113	113	162	162	191	191	107	107	162	162	257	257	0	0	165	165	0	0	145	145	0
EM	89	89M3	127	127	150	150	101	101	134	134	113	113	162	162	191	191	107	107	162	162	256	256	168	168	165	165	0	0	145	145	0
EM	89	89M4	127	127	150	150	101	101	134	134	113	113	164	164	193	193	107	107	162	162	257	257	0	0	165	165	0	0	145	145	0
EM	102	102M1	120	120	144	150	101	110	134	134	110	144	158	158	191	200	109	109	156	156	256	256	153	170	163	167	277	277	145	149	7
EM	120	120M1	120	120	144	144	101	101	134	134	125	125	162	162	191	191	113	113	162	162	256	256	168	168	165	165	277	277	145	145	0
EM	120	120M2	120	120	150	150	101	101	134	134	110	110	162	162	191	191	109	109	162	162	256	256	168	168	165	165	302	302	145	145	0
EM	120	120M3	120	120	144	144	101	101	134	134	110	110	162	162	191	191	113	113	162	162	256	256	153	153	165	165	277	277	145	145	0
EM	120	120M4	120	120	150	150	101	101	134	134	125	125	162	162	191	191	109	109	162	162	256	256	153	153	167	167	277	277	145	145	0
EM	120	120M5	120	120	150	150	101	101	134	134	110	110	162	162	191	191	109	109	162	162	256	256	168	168	167	167	277	277	145	145	0
EM	120	120M6	120	120	144	144	101	101	134	134	125	125	162	162	191	191	113	113	162	162	256	256	168	168	167	167	277	277	145	145	0
EM	120	120M7	120	120	144	144	101	101	134	134	110	110	162	162	191	191	113	113	162	162	256	256	153	153	165	165	302	302	145	145	0
EM	120	120M8	120	120	150	150	101	101	134	134	125	125	162	162	191	191	113	113	162	162	256	256	153	153	165	165	277	277	145	145	0
EM	120	120M9	120	120	150	150	101	101	134	134	110	110	162	162	191	191	113	113	162	162	256	256	168	168	167	167	277	277	145	145	0
EM	120	120M10	120	120	144	144	101	101	134	134	110	110	162	162	191	191	109	109	162	162	256	256	168	168	167	167	277	277	145	145	0
EM	120	120M11	120	120	150	150	101	101	134	134	125	125	162	162	191	191	113	113	162	162	256	256	153	153	167	167	302	302	145	145	0
EM	120	120M12	120	120	144	144	101	101	134	134	110	110	162	162	191	191	113	113	162	162	256	256	153	153	167	167	302	302	145	145	0
EM	120	120M13	120	120	144	144	101	101	134	134	125	125	162	162	191	191	113	113	162	162	256	256	168	168	165	165	302	302	145	145	0
EM	120	120M14	120	120	144	144	101	101	134	134	125	125	162	162	191	191	109	109	162	162	256	256	168	168	167	167	302	302	145	145	0
EM	120	120M15	120	120	150	150	101	101	134	134	110	110	162	162	191	191	109	109	162	162	256	256	168	168	167	167	302	302	145	145	0
EM	120	120M16	120	120	150	150	101	101	134	134	125	125	162	162	191	191	113	113	162	162	256	256	168	168	167	167	302	302	145	145	0
EM	120	120M17	120	120	144	144	101	101	134	134	110	110	162	162	191	191	109	109	162	162	256	256	168	168	167	167	277	277	145	145	0
EM	120	120M18	120	120	150	150	101	101	134	134	110	110	162	162	191	191	113	113	162	162	256	256	153	153	167	167	302	302	145	145	0
EM	120	120M19	120	120	150	150	101	101	134	134	125	125	162	162	191	191	109	109	162	162	256	256	153	153	165	165	277	277	145	145	0
EM	120	120M20	120	120	150	150	101	101	134	134	110	110	162	162	191	191	113	113	162	162	256	256	168	168	165	165	277	277	145	145	0
EM	120	120M21	120	120	144	144	101	101	134	134	110	110	162	162	191	191	113	113	162	162	256	256	168	168	167	167	277	277	145	145	0
EM	120	120M22	120	120	150	150	101	101	134	134	110	110	162	162	191	191	113	113	162	162	256	256	153	153	165	165	277	277	145	145	0
EM	120	120M23	120	120	144	144	101	101	134	134	125	125	162	162	191	191	109	109	162	162	256	256	153	153	167	167	302	302	145	145	0
EM	120	120M24	120	120	144	144	101	101	134	134	125	125	162	162	191	191	113	113	162	162	256	256	153	153	167	167	302	302	145	145	0
EM	133	133M1	120	120	144	150	110	110	134	134	125	125	158	162	191	193	109	109	156	156	256	256	170	170	163	165	0	0	145	145	4
EM	133	133M2	120	120	144	144	101	110	134	134	125	125	158	162	193	200	109	109	156	156	256	256	170	170	163	165	0	0	145	145	4
EM	133	133M3	120	120	144	150	101	110	134	134	125	125	158	162	191	193	109	109	156	156	256	256	170	170	163	165	0	0	145	145	5
EM	133	133M4	120	120	144	150	110	110	134	134	113	125	158	162	193	200	109	109	156	156	256	256	170	170	165	179	0	0	145	145	5
EM	133	133M5	120	120	144	144	110	110	134	134	125	125	158	162	191	193	109	109	156	156	256	256	170	170	163	165	0	0	145	145	3
EM	135	135M1	120	120	150	150	103	103	134	134	144	144	158	158	191	191	109	109	156	156	256	256	159	159	163	163	306	306	145	145	0
EM	135	135M2	120	120	150	150	103	103	134	134	144	144	158	158	191	191	109	109	156	156	256	256	170	170	179	179	294	294	145	145	0
EM	138	138M1	120	120	150	150	101	101	134	134	113	137	164	164	191	194	109	113	156	156	256	256	153	153	163	165	277	304	145	149	6
EM	138	138M2	120	120	150	150	101	101	134	134	125	137	164	164	191	194	109	113	156	156	256	256	170	170	163	163	304	306	145	149	5
EM	138	138M3	120	120	144	150	101	101	134	134	125	137	164	164	191	194	109	109	156	156	256	256	153	170	163	165	277	304	145	149	7
EM	138	138M4	120	120	144	150	101	101	134	134	125	137	162	164	191	194	109	113	156	156	256	256	153	153	163	163	277	304	145	149	7
EM	138	138M5	120	120	144	150	101	101	134	134	125	137	164	164	191	194	109	113	156	156	256	256	153	153	163	163	0	0	145	149	5
EM	138	138M6	120	120	150	150	101	101	134	134	113	137	164	164	191	194	109	109	156	156	256	256	153	153	163	165	304	306	145	149	5
EM	138	138M7	120	120	144	150	101	101	134	134	113	137	164	164	191	194	109	113	156	156	256	256	153	153	163	165	277	304	145	149	7
EM	138	138M8	120	120	150	150	101	101	134	134	125	125	162	162	191	191	109	109	156	156	256	256	170	170	165	165	306	306	145	145	0
EM	138	138M9	120	120	144	150	101	101	134	134	125	137	164	164	191	194	109	113	156	156	256	256	153	153	163	163	277	304	145	149	6
EM	138	138M10	120	120	144	150	101	101	134	134	113	137	162	164	191	194	109	113	156	156	256	256	153	170	163	165	277	304	145	149	9
EM	138	138M11	120	120	144	144	101	101	134	134	125	125	164	164	191	191	109	109	156	156	256	256	170	170	165	165	306	306	145	145	0
EM	138	138M12	120	120	150	150	101	101	134	134	113	137	164	164	191	194	109	109	156	156	256	256	153	170	163	165	277	304	145	149	6
EM	138	138M13	120	120	150	150	101	101	134	134	113	113	162	162	191	191	113	113	156	156	256	256	170	170	163	163	277	277	145	145	0
EM	138	138M14	120	120	144	150	101	101	134	134	125	137	164	164	191	194	109	109	156	156	256	256	153	153	163	163	304	306	145	149	5
EM	138	138M15	120	120	144	144	101	101	134	134	125	125	164	164	191	191	109	109	156	156	256	256	170	170	165	165	277	277	145	145	0
EM	138	138M16	120	120	150	150	101	101	134	134	125	125	162	162	191	191	113	113	156	156	256	256	170	170	165	165	277	277	145	145	0
EM	138	138M17	120	120	150	150	101	101	134	134	125	125	164	164	191	191	113	113	156	156	256	256	170	170	165	165	277	277	145	145	0
EM	138	138M18	120	120	144	150	101	101	134	134	125	137	164	164	191	194	109	109	156	156	256	256	153	153	163	163	277	277	145	149	4
EM	138	138M19	120	120	150	150	101	101	134	134	113	113	162	162	191	191	109	109	156	156	256	256	170	170	163	163	277	277	145	145	0
EM	138	138M20	120	120	144	150	101	101	134	134	125	137	164	164	191	194	109	109	156	156	256	256	153	153	163	165	304	306	145	149	6
EM	138	138M21	120	120	150	150	101	101	134	134	125	137	164	164	191	194	109	113	156	156	256	256	153	153	163	165	304	306	145	149	6
EM	138	138M22	120	120	144	144	101	101	134	134	125	125	162	162	191	191	113	113	156	156	256	256	170	170	165	165	277	277	145	145	0
EM	138	138M23	120	120	144	144	101	101	134	134	125	125	162	162	191	191	113	113	156	156	256	256	170	170	163	163	277	277	145	145	0
EM	138	138M24	120	120	144	144	101	101	134	134	113	113	162	162	191	191	109	109	156	156	256	256	170	170	163	163	277	277	145	145	0
EM	141	141M1	120	120	144	144	110	110	134	134	125	125	159	159	200	200	109	109	162	162	256	256	153	153	165	165	302	302	149	149	0
EM	141	141M2	120	120	144	144	110	110	134	134	125	125	159	159	193	193	109	109	156	156	256	256	168	168	165	165	294	294	149	149	0
EM	141	141M3	120	120	144	144	110	110	134	134	144	144	159	159	200	200	109	109	156	156	256	256	168	168	165	165	294	294	149	149	0
EM	146	146M1	120	120	150	150	101	101	134	134	132	132	162	162	200	200	109	109	156	156	256	256	168	168	157	157	302	302	145	145	0
EM	146	146M2	120	120	150	150	101	101	134	134	110	110	162	162	191	191	109	109	156	156	256	256	168	168	157	157	302	302	145	145	0
EM	159	159M1	120	120	144	150	101	110	134	134	125	144	162	162	191	191	107	109	162	162	256	256	168	170	163	165	277	277	145	145	6
EM	159	159M2	120	127	144	144	110	110	134	134	137	144	164	164	191	191	109	109	162	162	256	256	168	170	163	165	277	306	145	145	5
EM	159	159M3	120	127	144	144	110	110	134	134	125	144	162	162	191	191	109	109	158	162	256	256	168	170	163	165	277	306	145	145	6
EM	159	159M4	120	127	144	144	101	110	134	134	137	144	164	164	191	191	109	109	158	162	256	256	168	170	163	165	277	306	145	145	7
EM	159	159M5	127	127	144	144	101	101	134	134	137	137	162	162	191	191	107	107	162	162	256	256	170	170	163	163	277	277	145	145	0
EM	159	159M6	120	120	144	150	110	110	134	134	125	144	162	162	191	191	109	109	158	162	256	256	168	170	163	165	277	277	145	145	5
EM	159	159M7	120	127	144	144	101	110	134	134	125	144	164	164	191	191	109	109	158	162	256	256	168	170	163	165	277	306	145	145	7
EM	159	159M8	127	127	150	150	110	110	134	134	125	125	164	164	191	191	109	109	158	158	256	256	170	170	163	163	277	277	145	145	0
EM	159	159M9	127	127	144	144	101	101	134	134	125	125	164	164	191	191	107	107	162	162	256	256	170	170	163	163	277	277	145	145	0
EM	159	159M10	127	127	150	150	101	101	134	134	137	137	164	164	191	191	109	109	158	158	256	256	170	170	163	163	277	277	145	145	0
EM	159	159M11	120	120	144	144	101	110	134	134	125	144	162	162	191	191	107	109	158	162	256	256	168	170	163	165	277	277	145	145	6
EM	159	159M12	120	127	144	144	101	110	134	134	137	144	164	164	191	191	109	109	158	162	256	256	168	170	163	165	0	0	145	145	6
EM	159	159M13	120	120	144	150	101	110	134	134	125	144	162	162	191	191	109	109	158	162	256	256	168	170	163	165	277	306	145	145	7
EM	159	159M14	127	127	150	150	110	110	134	134	137	137	162	162	191	191	109	109	162	162	256	256	170	170	163	163	277	277	145	145	0
EM	164	164M1	120	120	150	150	101	101	134	134	125	125	164	164	191	191	109	109	156	156	256	256	170	170	163	163	0	0	145	145	0
LM	75	75M1	120	120	150	150	103	103	134	134	125	125	158	158	191	191	113	113	158	158	256	256	153	153	163	163	0	0	149	149	0
LM	75	75M2	120	120	150	150	103	103	134	134	113	113	158	158	191	191	113	113	158	158	256	256	0	0	163	163	0	0	0	0	0
LM	75	75M3	127	127	144	144	103	103	134	134	113	113	0	0	0	0	0	0	0	0	0	0	0	0	163	163	0	0	0	0	0
LM	75	75M4	120	120	144	144	101	101	134	134	125	125	158	158	191	191	107	107	158	158	256	256	0	0	163	163	0	0	0	0	0
LM	75	75M5	127	127	144	144	101	101	134	134	113	113	158	158	191	191	107	107	156	156	256	256	168	168	163	163	0	0	145	145	0
LM	75	75M6	127	127	144	144	103	103	134	134	113	113	158	158	191	191	107	107	158	158	256	256	0	0	163	163	0	0	0	0	0
LM	75	75M7	120	120	150	150	101	101	134	134	125	125	158	158	191	191	107	107	156	156	256	256	0	0	163	163	0	0	0	0	0
LM	75	75M8	120	120	150	150	103	103	0	0	125	125	0	0	0	0	0	0	0	0	0	0	0	0	163	163	0	0	0	0	0
LM	75	75M9	0	0	0	0	0	0	0	0	0	0	158	158	191	191	107	107	158	158	256	256	0	0	163	163	0	0	0	0	0
LM	75	75M10	120	120	0	0	0	0	0	0	0	0	158	158	191	191	107	107	158	158	256	256	0	0	163	163	0	0	0	0	0
LM	78	78M1	120	120	144	144	101	101	134	134	125	125	164	164	191	191	109	109	162	162	256	256	0	0	0	0	0	0	0	0	0
LM	78	78M2	120	120	150	150	101	101	134	134	125	125	158	158	191	191	109	109	156	156	256	256	0	0	0	0	0	0	0	0	0
LM	78	78M3	120	120	150	150	103	103	134	134	125	125	164	164	191	191	109	109	162	162	256	256	0	0	163	163	294	294	145	145	0
LM	78	78M4	120	120	144	144	97	97	134	134	125	125	162	162	191	191	109	109	156	156	256	256	0	0	179	179	294	294	145	145	0
LM	78	78M5	120	120	144	144	103	103	134	134	125	125	164	164	191	191	109	109	162	162	256	256	0	0	167	167	0	0	145	145	0
LM	78	78M6	120	120	144	144	103	103	134	134	125	125	164	164	191	191	109	109	156	156	256	256	0	0	163	163	0	0	0	0	0
LM	78	78M7	120	120	150	150	103	103	134	134	125	125	164	164	191	191	109	109	162	162	256	256	0	0	163	163	0	0	0	0	0
LM	78	78M8	120	120	150	150	101	101	134	134	125	125	164	164	191	191	109	109	156	156	256	256	0	0	163	163	0	0	0	0	0
LM	78	78M9	120	120	150	150	0	0	0	0	0	0	164	164	191	191	109	109	162	162	256	256	0	0	163	163	0	0	0	0	0
LM	78	78M10	120	120	150	150	101	101	134	134	125	125	164	164	191	191	109	109	162	162	256	256	0	0	167	167	306	306	145	145	0
LM	83	83M1	120	120	144	144	101	101	134	134	125	125	162	162	200	200	113	113	158	158	256	256	153	153	163	163	302	302	145	145	0
LM	83	83M2	120	120	144	144	101	101	134	134	125	125	162	162	200	200	104	104	158	158	256	256	153	153	163	163	302	302	145	145	0
LM	83	83M3	120	127	150	150	101	103	134	134	110	144	162	162	200	200	104	107	156	158	256	256	170	208	157	163	302	302	145	145	7
LM	83	83M4	120	120	150	150	101	101	134	134	144	144	162	162	191	191	113	113	162	162	256	256	170	170	163	163	302	302	145	145	0
LM	83	83M5	120	127	150	150	101	103	134	134	110	125	162	162	191	200	104	107	156	162	256	256	153	208	157	163	302	302	145	145	8
LM	83	83M6	120	127	150	150	101	103	134	134	110	144	162	162	191	200	104	107	156	158	256	256	170	208	157	163	302	306	145	145	9
LM	83	83M7	120	120	144	144	101	101	134	134	125	125	162	162	191	191	104	104	162	162	256	256	170	170	163	163	302	302	145	145	0
LM	83	83M8	120	120	144	144	101	101	134	134	144	144	162	162	200	200	104	104	162	162	256	256	153	153	163	163	306	306	145	145	0
LM	83	83M9	120	120	150	150	101	101	134	134	125	125	162	162	200	200	104	104	162	162	256	256	170	170	163	163	306	306	145	145	0
LM	83	83M10	120	120	144	144	101	101	134	134	144	144	162	162	191	191	104	104	162	162	256	256	153	153	163	163	302	302	145	145	0
LM	83	83M11	120	127	150	150	101	103	134	134	110	144	162	162	191	200	107	113	156	162	256	256	0	0	157	163	302	306	145	145	8
LM	83	83M12	120	120	150	150	101	101	134	134	125	125	162	162	191	191	109	109	156	156	256	256	153	153	163	163	0	0	145	145	0
LM	83	83M13	120	120	144	144	101	101	134	134	125	125	162	162	191	191	113	113	162	162	256	256	153	153	163	163	302	302	145	145	0
LM	83	83M14	120	120	150	150	101	101	134	134	125	125	162	162	200	200	113	113	158	158	256	256	153	153	163	163	302	302	145	145	0
LM	83	83M15	120	120	144	144	101	101	134	134	144	144	162	162	200	200	113	113	158	158	256	256	153	153	163	163	302	302	145	145	0
LM	83	83M16	120	120	150	150	101	101	134	134	125	125	162	162	191	191	104	104	162	162	256	256	170	170	163	163	302	302	145	145	0
LM	83	83M17	120	120	144	144	101	101	134	134	144	144	162	162	200	200	113	113	158	158	256	256	170	170	163	163	302	302	145	145	0
LM	83	83M18	120	120	150	150	101	101	134	134	144	144	162	162	200	200	113	113	158	158	256	256	170	170	163	163	306	306	145	145	0
LM	83	83M19	120	120	144	144	101	101	134	134	144	144	162	162	191	191	104	104	162	162	256	256	153	153	163	163	306	306	145	145	0
LM	83	83M20	120	120	144	144	101	101	134	134	125	125	162	162	191	191	113	113	162	162	256	256	153	153	163	163	306	306	145	145	0
LM	83	83M21	120	120	150	150	101	101	134	134	125	125	162	162	200	200	104	104	158	158	256	256	170	170	163	163	302	302	145	145	0
LM	83	83M22	120	120	144	144	101	101	134	134	144	144	162	162	200	200	113	113	158	158	256	256	170	170	163	163	302	302	145	145	0
LM	83	83M23	120	120	150	150	101	101	134	134	144	144	162	162	191	191	104	104	158	158	256	256	153	153	163	163	302	302	145	145	0
LM	83	83M24	120	120	150	150	101	101	134	134	125	125	162	162	200	200	113	113	162	162	256	256	153	153	163	163	306	306	145	145	0
LM	94	94M1	120	120	150	150	101	101	134	134	113	113	164	164	191	191	113	113	156	156	256	256	0	0	163	163	0	0	0	0	0
LM	94	94M2	120	120	144	144	97	97	134	134	144	144	158	158	191	191	113	113	162	162	256	256	0	0	179	179	0	0	0	0	0
LM	94	94M3	120	120	150	150	97	97	134	134	0	0	158	158	191	191	113	113	156	156	256	256	0	0	163	163	0	0	0	0	0
LM	94	94M4	120	120	150	150	101	101	134	134	113	113	164	164	191	191	107	107	162	162	256	256	0	0	163	163	0	0	0	0	0
LM	94	94M5	120	120	144	144	97	97	134	134	144	144	158	158	191	191	107	107	156	156	256	256	0	0	179	179	0	0	0	0	0
LM	94	94M6	120	120	150	150	101	101	134	134	144	144	158	158	191	191	107	107	162	162	256	256	0	0	179	179	0	0	0	0	0
LM	94	94M7	120	120	150	150	97	97	134	134	113	113	164	164	191	191	0	0	156	156	256	256	0	0	163	163	0	0	145	145	0
LM	94	94M8	120	120	150	150	101	101	134	134	0	0	158	158	191	191	107	107	156	156	256	256	0	0	179	179	0	0	0	0	0
LM	94	94M9	120	120	144	144	101	101	134	134	0	0	164	164	191	191	113	113	162	162	256	256	0	0	0	0	0	0	0	0	0
LM	94	94M10	120	120	144	144	101	101	134	134	0	0	164	164	191	191	107	107	162	162	256	256	0	0	179	179	0	0	145	145	0
LM	95	95M1	120	120	150	150	101	101	134	134	137	137	0	0	0	0	0	0	0	0	0	0	0	0	165	165	0	0	0	0	0
LM	95	95M2	120	120	150	150	101	101	134	134	0	0	162	162	191	191	0	0	158	158	254	254	0	0	163	163	0	0	0	0	0
LM	95	95M3	120	120	144	144	101	101	134	134	137	137	162	162	193	193	109	109	162	162	256	256	0	0	163	163	302	302	0	0	0
LM	95	95M4	120	120	144	144	101	101	134	134	0	0	164	164	193	193	109	109	162	162	254	254	0	0	165	165	0	0	0	0	0
LM	95	95M5	120	120	150	150	101	101	134	134	137	137	162	162	191	191	0	0	0	0	254	254	0	0	163	163	0	0	0	0	0
LM	95	95M6	120	120	150	150	101	101	0	0	0	0	162	162	193	193	113	113	162	162	254	254	0	0	163	163	306	306	145	145	0
LM	95	95M7	120	120	150	150	101	101	0	0	0	0	162	162	191	191	109	109	158	158	254	254	153	153	163	163	302	302	145	145	0
LM	95	95M8	120	120	150	150	0	0	0	0	0	0	164	164	191	191	109	109	0	0	256	256	0	0	163	163	0	0	0	0	0
LM	95	95M9	120	120	144	144	101	101	0	0	0	0	164	164	193	193	109	109	162	162	254	254	0	0	0	0	0	0	0	0	0
LM	95	95M10	120	120	144	144	101	101	134	134	0	0	164	164	193	193	113	113	162	162	254	254	0	0	165	165	302	302	145	145	0
LM	98	98M1	120	120	144	144	101	101	134	134	144	144	158	158	200	200	109	109	162	162	256	256	168	168	163	163	294	294	145	145	0
LM	98	98M2	120	120	144	144	101	101	134	134	144	144	158	158	191	191	109	109	156	156	256	256	153	153	165	165	306	306	145	145	0
LM	98	98M3	120	120	144	144	101	101	134	134	137	137	158	158	200	200	109	109	156	156	256	256	0	0	163	163	294	294	145	145	0
LM	98	98M4	120	120	144	144	101	101	134	134	125	125	162	162	200	200	109	109	156	156	256	256	0	0	165	165	306	306	145	145	0
LM	98	98M5	120	120	150	150	101	101	134	134	144	144	162	162	191	191	109	109	162	162	256	256	168	168	165	165	294	294	145	145	0
LM	98	98M6	120	120	144	144	101	101	134	134	144	144	158	158	191	191	113	113	156	156	256	256	0	0	165	165	294	294	145	145	0
LM	98	98M7	120	120	144	144	101	101	134	134	125	125	162	162	200	200	109	109	162	162	256	256	168	168	165	165	294	294	145	145	0
LM	98	98M8	120	120	150	150	101	101	134	134	125	125	162	162	200	200	109	109	156	156	256	256	168	168	163	163	294	294	145	145	0
LM	98	98M9	120	120	150	150	101	101	134	134	125	125	158	158	200	200	113	113	156	156	256	256	168	168	163	163	294	294	145	145	0
LM	98	98M10	120	120	144	144	101	101	134	134	144	144	158	158	200	200	113	113	162	162	256	256	153	153	163	163	306	306	145	145	0
LM	100	100M1	118	118	150	150	103	103	134	134	110	110	162	162	193	193	113	113	156	156	257	257	170	170	179	179	306	306	145	145	0
LM	100	100M2	120	120	150	150	101	101	134	134	144	144	162	162	193	193	104	104	156	156	257	257	168	168	179	179	306	306	145	145	0
LM	100	100M3	118	118	150	150	101	101	134	134	144	144	164	164	193	193	104	104	156	156	257	257	170	170	163	163	277	277	145	145	0
LM	100	100M4	118	118	150	150	101	101	134	134	110	110	162	162	191	191	104	104	156	156	257	257	168	168	179	179	277	277	145	145	0
LM	100	100M5	120	120	150	150	103	103	134	134	110	110	164	164	193	193	104	104	156	156	257	257	168	168	163	163	306	306	145	145	0
LM	100	100M6	118	118	150	150	103	103	134	134	144	144	164	164	193	193	113	113	156	156	256	256	170	170	161	161	0	0	0	0	0
LM	100	100M7	118	118	150	150	101	101	134	134	110	110	158	158	191	191	113	113	156	156	256	256	168	168	179	179	277	277	145	145	0
LM	100	100M8	120	120	144	144	103	103	134	134	125	125	158	158	194	194	113	113	162	162	256	256	153	153	179	179	277	277	145	145	0
LM	104	104M1	120	120	150	150	101	101	134	134	137	137	162	162	191	191	107	107	162	162	254	254	0	0	163	163	304	304	149	149	0
LM	104	104M2	120	120	150	150	101	101	134	134	144	144	158	158	200	200	109	109	156	156	256	256	170	170	179	179	0	0	145	145	0
LM	107	107M1	118	118	146	146	105	105	134	134	0	0	162	162	200	200	113	113	158	158	256	256	170	170	165	165	302	302	145	145	0
LM	107	107M2	120	120	144	144	101	101	134	134	125	125	162	162	191	191	109	109	158	158	256	256	168	168	165	165	306	306	145	145	0
LM	107	107M3	120	120	146	146	101	101	134	134	125	125	162	162	200	200	109	109	158	158	256	256	0	0	163	163	306	306	145	145	0
LM	107	107M4	120	120	146	146	101	101	134	134	0	0	162	162	191	191	109	109	156	156	256	256	0	0	165	165	0	0	145	145	0
LM	107	107M5	120	120	146	146	101	101	134	134	144	144	162	162	191	191	113	113	156	156	256	256	0	0	163	163	302	302	145	145	0
LM	107	107M6	120	120	144	144	101	101	134	134	144	144	162	162	200	200	109	109	156	156	256	256	168	168	165	165	306	306	145	145	0
LM	107	107M7	118	118	144	144	101	101	134	134	125	125	162	162	200	200	113	113	158	158	256	256	170	170	165	165	0	0	145	145	0
LM	107	107M8	120	120	144	144	105	105	134	134	0	0	162	162	200	200	113	113	156	156	256	256	170	170	163	163	302	302	145	145	0
LM	107	107M9	120	120	144	144	101	101	134	134	144	144	162	162	191	191	109	109	156	156	256	256	170	170	165	165	302	302	145	145	0
LM	107	107M10	120	120	144	144	101	101	134	134	144	144	162	162	191	191	113	113	158	158	256	256	0	0	163	163	302	302	145	145	0
LM	115	115M1	120	120	150	150	103	103	134	134	110	110	162	162	200	200	107	107	162	162	256	256	168	168	165	165	277	277	145	145	0
LM	115	115M2	120	120	150	150	110	110	134	134	110	110	162	162	200	200	107	107	162	162	256	256	0	0	163	163	277	277	145	145	0
LM	115	115M3	120	120	151	151	103	103	134	134	110	110	162	162	191	191	109	109	156	156	256	256	168	168	163	163	277	277	145	145	0
LM	115	115M4	120	120	150	150	103	103	134	134	110	110	162	162	191	191	109	109	156	156	256	256	168	168	163	163	277	277	145	145	0
LM	115	115M5	120	120	150	150	110	110	134	134	110	110	162	162	200	200	107	107	162	162	256	256	168	168	163	163	277	277	145	145	0
LM	115	115M6	120	120	150	150	110	110	134	134	110	110	162	162	191	191	107	107	156	156	256	256	168	168	165	165	277	277	145	145	0
LM	115	115M7	120	120	150	150	103	103	134	134	110	110	162	162	191	191	109	109	162	162	256	256	208	208	163	163	277	277	145	145	0
LM	115	115M8	120	120	150	150	110	110	134	134	0	0	162	162	200	200	109	109	156	156	256	256	168	168	165	165	277	277	145	145	0
LM	115	115M9	120	120	150	150	110	110	134	134	110	110	162	162	191	191	109	109	0	0	0	0	0	0	165	165	277	277	145	145	0
LM	115	115M10	120	120	150	150	110	110	134	134	144	144	162	162	200	200	109	109	162	162	256	256	0	0	163	163	277	277	145	145	0
LM	130	130M1	120	120	150	150	110	110	134	134	110	110	162	162	200	200	107	107	162	162	256	256	168	168	163	163	277	277	145	145	0
LM	130	130M2	120	120	144	144	110	110	134	134	110	110	162	162	200	200	107	107	162	162	256	256	208	208	163	163	277	277	145	145	0
LM	130	130M3	120	120	150	150	103	103	134	134	144	144	162	162	200	200	107	107	162	162	256	256	168	168	165	165	277	277	145	145	0
LM	130	130M4	120	120	150	150	110	110	134	134	144	144	162	162	200	200	107	107	162	162	256	256	208	208	165	165	277	277	145	145	0
LM	130	130M5	120	120	144	144	110	110	134	134	110	110	162	162	200	200	107	107	162	162	256	256	168	168	163	163	277	277	145	145	0
LM	130	130M6	120	120	150	150	103	103	134	134	144	144	162	162	200	200	107	107	162	162	256	256	168	168	165	165	277	277	145	145	0
LM	130	130M7	120	120	150	150	110	110	134	134	110	110	162	162	200	200	107	107	162	162	256	256	208	208	163	163	277	277	145	145	0
LM	130	130M8	120	120	150	150	103	103	134	134	144	144	162	162	200	200	107	107	162	162	256	256	0	0	165	165	277	277	145	145	0
LM	130	130M9	120	120	150	150	110	110	134	134	144	144	162	162	200	200	107	107	162	162	256	256	208	208	165	165	277	277	145	145	0
LM	130	130M10	120	120	144	144	110	110	134	134	110	110	162	162	200	200	107	107	162	162	256	256	0	0	163	163	277	277	145	145	0
LM	131	131M1	120	120	150	150	101	101	134	134	0	0	164	164	192	192	109	109	156	156	256	256	0	0	179	179	277	277	145	145	0
LM	131	131M2	120	120	150	150	101	101	134	134	0	0	164	164	192	192	109	109	156	156	256	256	0	0	179	179	277	277	145	145	0
LM	131	131M3	120	120	150	150	101	101	134	134	125	125	162	162	192	192	109	109	156	156	256	256	208	208	179	179	277	277	145	145	0
LM	131	131M4	120	120	150	150	101	101	134	134	0	0	162	162	200	200	109	109	156	156	256	256	0	0	179	179	277	277	0	0	0
LM	131	131M5	120	120	150	150	101	101	134	134	0	0	162	162	200	200	109	109	156	156	256	256	170	170	179	179	277	277	145	145	0
LM	131	131M6	120	120	150	150	101	101	134	134	0	0	162	162	200	200	109	109	156	156	256	256	170	170	179	179	277	277	145	145	0
LM	131	131M7	120	120	150	150	101	101	134	134	149	149	164	164	192	192	109	109	156	156	256	256	170	170	179	179	277	277	145	145	0
LM	131	131M8	120	120	150	150	101	101	134	134	0	0	162	162	200	200	109	109	156	156	256	256	208	208	179	179	277	277	145	145	0
LM	131	131M9	120	120	150	150	101	101	134	134	149	149	162	162	192	192	109	109	156	156	256	256	0	0	179	179	277	277	145	145	0
LM	131	131M10	120	120	150	150	101	101	134	134	125	125	162	162	192	192	109	109	156	156	256	256	170	170	179	179	277	277	145	145	0
LM	144	144M1	120	120	150	150	110	110	134	134	125	125	162	162	191	191	111	111	156	156	256	256	0	0	163	163	277	277	0	0	0
LM	144	144M2	120	120	150	150	97	97	134	134	0	0	162	162	191	191	107	107	156	156	256	256	168	168	163	163	277	277	149	149	0
LM	144	144M3	120	120	150	150	97	97	134	134	113	113	162	162	191	191	107	107	156	156	256	256	168	168	175	175	277	277	149	149	0
LM	144	144M4	120	120	150	150	110	110	134	134	125	125	162	162	191	191	111	111	156	156	256	256	0	0	175	175	0	0	149	149	0
LM	144	144M5	120	120	150	150	110	110	134	134	113	113	162	162	191	191	111	111	156	156	256	256	0	0	163	163	277	277	145	145	0
LM	144	144M6	120	120	150	150	110	110	134	134	113	113	162	162	191	191	111	111	156	156	256	256	168	168	163	163	277	277	149	149	0
LM	144	144M7	120	120	150	150	110	110	134	134	113	113	162	162	191	191	111	111	156	156	256	256	0	0	163	163	277	277	149	149	0
LM	144	144M8	120	120	150	150	110	110	134	134	113	113	162	162	191	191	0	0	156	156	257	257	0	0	175	175	302	302	149	149	0
LM	144	144M9	120	120	150	150	97	97	134	134	125	125	162	162	191	191	111	111	156	156	257	257	0	0	175	175	277	277	149	149	0
LM	144	144M10	120	120	150	150	110	110	134	134	113	113	162	162	191	191	111	111	156	156	256	256	0	0	175	175	302	302	149	149	0
LM	151	151M1	118	118	150	150	101	101	134	134	125	125	158	158	191	191	113	113	162	162	256	256	170	170	0	0	0	0	0	0	0
LM	151	151M2	118	118	150	150	110	110	134	134	125	125	164	164	191	191	113	113	162	162	256	256	0	0	179	179	0	0	145	145	0
LM	151	151M3	118	118	150	150	101	101	134	134	125	125	158	158	191	191	113	113	162	162	256	256	0	0	165	165	302	302	145	145	0
LM	151	151M4	120	120	144	144	110	110	134	134	144	144	164	164	191	191	113	113	156	156	256	256	0	0	179	179	0	0	145	145	0
LM	151	151M5	120	120	144	144	101	101	134	134	125	125	158	158	191	191	113	113	156	156	256	256	170	170	179	179	302	302	145	145	0
LM	151	151M6	120	120	144	144	110	110	134	134	125	125	158	158	191	191	113	113	156	156	256	256	170	170	165	165	306	306	145	145	0
LM	174	174M1	120	120	150	150	101	101	134	134	125	125	162	162	191	191	109	109	162	162	256	256	168	168	179	179	306	306	145	145	0
LM	174	174M2	120	120	150	150	101	101	134	134	113	113	158	158	191	191	109	109	162	162	256	256	168	168	165	165	306	306	145	145	0
LM	174	174M3	120	120	150	150	101	101	134	134	113	113	162	162	191	191	109	109	162	162	256	256	168	168	165	165	279	279	145	145	0
LM	174	174M4	120	120	150	150	101	101	134	134	125	125	158	158	191	191	109	109	162	162	256	256	168	168	165	165	279	279	145	145	0
LM	174	174M5	120	120	150	150	101	101	134	134	113	113	158	158	191	191	109	109	162	162	256	256	168	168	165	165	306	306	145	145	0
LM	174	174M6	120	120	150	150	101	101	134	134	113	113	162	162	191	191	109	109	162	162	256	256	168	168	179	179	279	279	145	145	0
LM	174	174M7	120	120	150	150	101	101	134	134	125	125	162	162	191	191	109	109	162	162	256	256	168	168	179	179	306	306	145	145	0
LM	179	179M1	127	127	150	150	101	101	134	134	125	125	158	158	200	200	109	109	162	162	256	256	0	0	163	163	0	0	145	145	0
